1 2 16 18 24 26 32 41 48 59 60 65 69 72 75 80 82 85 97 116 127 134 142 150 159 168 242 251 254 258 286 314 343 382 438 452 464 473 494
2 9 13 19 22 26 36 52 59 73 74 75 81 85 90 97 116 127 134 142 150 159 168 173 182 215 218 220 235 239 242 254 258 259 263 277 290 294 300 313 314 315 317 324 336 343 345 350 352 362 369 401 402 404 407 412 419 424 426 428 431 441 446 450 459 463 464 474 481 482 484 489
3 9 13 19 22 26 33 97 142 168 182 215 220 254 263 277 294 313 317 324 340 345 362 369 402 404 412 419 426 441 446 463 464 474 482
4 3 8 14 20 25 29 37 42 45 50 55 63 79 86 92 119 125 136 148 160 169 178 182 213 215 219 221 224 237 240 243 277 294 304 313 318 324 326 362 367 369 392 393 402 404 412 426 441 446 453 463 474 483 492
5 20 25 29 36 52 73 74 81 90 125 160 173 182 202 218 221 224 235 237 239 259 277 290 293 300 313 315 318 326 336 337 350 352 362 369 390 401 402 404 407 412 424 425 426 428 431 441 446 450 459 463 474 483 484 489
6 3 8 14 20 29 79 86 89 92 119 125 136 148 160 169 178 219 236 237 238 243 250 278 288 289 295 326 349 379 387 391 420 423 453 456 485 487 496
6X 3 8 14 20 29 79 86 89 92 119 125 136 148 160 169 178 219 237 238 243 250 326 349 387 420 423 453 485 496
7 5 10 93 96 105 110 113 120 130 137 145 157 167 272 303 327 348 361 385 435 465 477
7X 93 96 105 110 113 120 130 137 145 272 303 327 348 361 385 435 465 477
A 4 6 11 15 21 23 27 34 39 44 47 54 61 64 76 98 107 117 128 143 155 156 161 165 170 175 176 203 204 205 206 207 208 209 210 227 231 244 252 255 267 287 298 299 311 319 331 342 344 346 351 357 370 373 377 413 417 437 442 443 444 449 454 472 475 478
B 4 15 21 23 35 40 43 46 51 53 62 94 106 111 128 138 139 143 156 161 170 183 212 226 234 252 260 281 305 329 364 368 408 433 448 470 479
C 4 15 21 23 27 34 39 44 47 76 98 107 117 128 143 156 161 170 231 244 252 255 267 298 311 319 342 346 357 370 373 377 413 437 442 449 454 472 475 478
D 21 35 40 43 46 51 53 56 62 67 83 84 94 101 104 106 111 118 122 128 131 138 141 151 166 184 195 196 212 234 269 281 305 308 329 368 411 432 470 471 479
E 27 49 76 98 100 107 109 114 117 132 133 135 138 146 225 244 274 296 307 325 353 354 355 356 363 374 409 422 434 454 458 460 461 478 490 493
F 28 38 49 57 66 71 77 94 100 103 106 109 111 114 123 132 133 135 140 146 186 189 190 192 194 197 216 225 234 249 261 269 274 282 284 292 296 307 309 325 353 355 357 363 365 374 376 400 409 422 434 445 451 458 460 479 480 490 495
FS 222 312 418 433
FX 28 49 57 66 77 94 106 111 114 140 146 186 189 190 192 194 197 225 234 261 269 274 282 284 292 307 353 355 357 363 365 374 400 422 434 460 479 480 495
G 38 70 103 140 214 216 229 249 261 264 268 273 301 309 320 335 346 384 395 398 451
GS 328 466
H 203 209 210 227 444
J 7 12 17 147 158 172 223 228 232 245 256 257 265 276 279 283 302 321 322 338 341 354 372 381 383 394 410 461 476 491
L 1 30 88 129 152 181 211 233 241 248 280 291 323 330 339 360 378 380 388 389 396 405 462 488
M 28 71 77 94 100 106 109 111 123 132 133 135 234 253 283 296 302 306 307 316 325 341 353 371 376 381 383 386 394 397 409 445 447 458 479 490
N 31 58 68 78 84 87 91 95 99 101 102 104 108 112 115 121 124 126 144 153 154 162 163 171 179 180 184 193 198 230 246 247 262 269 271 275 281 310 358 366 375 376 406 429 432 436 439 467 471 486
Q 31 78 87 95 112 124 139 144 154 163 171 183 185 187 188 191 217 226 246 260 269 270 281 364 376 399 408 415 421 429 433 448 467 480
R 31 78 84 87 95 100 101 104 108 109 112 115 121 124 126 131 132 133 135 144 149 154 163 164 166 171 184 196 199 200 247 262 271 275 281 296 307 325 353 358 375 376 409 429 432 434 439 458 467 471 486 490
SI 174 177 201 266 285 297 332 333 334 347 359 403 414 416 427 430 440 455 457 468 469
W 31 58 68 78 84 87 91 95 99 101 102 104 108 112 115 121 124 126 131 153 154 162 166 179 180 184 193 196 198 230 247 262 271 275 281 310 358 366 375 406 429 432 436 439 467 471 486
Z 7 17 147 172 223 228 232 245 256 257 276 283 321 322 354 383 394 410 461 476 491
